   0 1 2 3 4 5 6 7 8 9

0  0 1 2 3 4 5 6 7 8 9
1  1 2 3 4 5 6 7 8 9 10
2  2 3 4 5 6 7 8 9 10 11
3  3 4 5 6 7 8 9 10 11 12
4  4 5 6 7 8 9 10 11 12 13
5  5 6 7 8 9 10 11 12 13 14
6  6 7 8 9 10 11 12 13 14 15
7  7 8 9 10 11 12 13 14 15 16
8  8 9 10 11 12 13 14 15 16 17
9  9 10 11 12 13 14 15 16 17 19

   0 1 2 3 4 5 6 7 8 9

0  2 2 2 0 0 2 2 2 0 0
1  0 0 0 1 0 0 0 0 0 0
2  0 0 2 2 0 0 2 2 2 0
3  0 0 0 0 0 0 1 0 0 0
4  2 2 2 1 0 0 0 0 0 0
5  0 0 0 0 0 1 0 2 2 0
6  0 0 2 2 2 0 0 0 0 0
7  0 0 0 0 0 0 2 2 2 0
8  0 0 0 1 0 1 0 0 0 0
9  0 2 2 2 0 2 2 2 0 0


   0 1 2 3 4 5 6 7 8 9

0            2 2 2
1            0 0 0
2  0 0 2 2 0 0 2 2 2 0
3  0 0 0 0 0 0 1 0 0 0
4  2 2 2 1 0 0 0 0 0 0
5            1 0 2
6            0 0 0
7            0 2 2
8            1 0 0
9            2 2 2

([3 6] ;)

orig-idx = [3 6]

[2 6] = 8  = [(3 - 1) 6]
[3 5] = 8  = [3 (6 - 1)]
[3 7] = 10 = [3 (6 + 1)]
[4 6] = 10 = [(3 + 1) 6]

  5 6 7
2 0 2 2
3 0 1 0
4 0 0 0
